750
56 122
122 722
696
317 308
989 14
699
569 989
496
626 569
750
282 626
783
784 282
798
276 784
892
780 276
902
268 780
916
766 268
945
308 766
980
322
568
54
42 647
79
43 42
53
639 43
84
948 639
564
959 948
14 16
33 959
578
971 33
587
602 971
598
17 602
600
16 17
603
646 649
558
691 135
324
448 691
363
477 448
398
493 477
403
649 493
418
748 317
427
642 646
445
505 642
449
506 505
512
722 506
523
985
306
135 141
999
333 748
749
220 333
97
210 220
104
194 210
152
734 194
192 734
190
420 192
207
859 420
221
694 859
253
141 694
180
325 230
909
230 326
788
326 379
941
379 914
946
914 655
904
655 515
883
940
323 325
291
235 323
295
74 235
310
621 74
68
316 621
64
747 316
395
132 431
441 955
176 303
397 176
170 397
164 170
86
854 164
752
966 854
898
431 966
762
515 107
979
955 132
901
974
112 441
884
110 112
117
678 110
968
107 678
782
351 829
673
357 843
659
354 357
635
738 354
634
205 738
647 848
618
829 205
175
399
185
976 351
589
741 976
586
340 741
191
334 340
700
848 334
552
592 747
683
258 592
417
767 258
237
772 767
419
938 772
466
575 938
476
293 575
69
527
843 531
531 730
685
556 293
730 374
264
374 538
548
538 764
542
764 556
224
824
611 807
807 823
828
823 917
868
917 826
717
826 819
897
819 239
510
239 45
806
652 611
37
486 652
607
690 486
608
713 690
793
489 713
630
356 332
332 489
498
781
206
174 724
77 174
842 77
893 842
121 893
790 121
791 790
75 791
248
874 75
215
136 874
214
895 136
45 184
869 895
131
809 869
246
822 809
82
209 822
119
186 209
257
983 186
158
184 983
161
540 520
298 667
981
672 298
66
785 672
335
574 785
337
702 574
343
733 702
384
520 733
961
680 356
58
312 540
928
453 312
57
315 453
535
378 315
487
303 378
484
0
910
432
667 778
632
633
425 680
491 425
636
342 491
637
269
346 342
773
742 346
660
1 742
666
668
85
778 658
631
658 380
698
380 377
377 692
519 1
412 519
676
692 412
731
720
7 274
919
997 7
918
271
560 997
990
283 560
280
62 283
128
682 62
911
875 682
934
140 439
446 875
871
440 446
882
439 440
331
240 319
212 886
213 212
222 213
827 222
514 827
29 514
839 29
193 839
24 193
319 24
274 804
536 240
975 536
309 975
811 309
776 811
593 776
591 593
816
804 591
927
177 849
640 63
580
933 640
599
116
727 933
601
908 727
628
849 908
59
693 140
359
724 177
385
709
390
710
789
143
759
366
63 931
2
787 693
223
100 787
218
473 100
464
656 473
71
565 656
529
851 565
545
46
931 850
577
428
850 925
925 851
55
233 754
266
232 233
203 311
168
605 815
163
172
754 203
76
328 229
585
102
821 328
651
225 821
229 232
657
358 225
711
160
362 358
815 369
684
369 362
250
226
852 865
465
863 852
353
719 863
288
279 719
61
284 279
338
786 284
595
278 786
238
267 278
234
299 267
65
261 299
375
255 261
590
311 255
95
60 73
478
421 60
996
922 421
492
886 922
495
967
501
503
965
483 605
517
958
957
949
198
582
563
36
47
96
930
171
73 935
876
838
604 483
715
526 604
834
906 526
753
978 906
758
39 978
123
769
597 39
126
935 460
810
460 669
818
669 596
774
579
596 597
952
474
566
695
689
805
355
151
681
350
124
664
943
528
534
273
199
227
6
290
973
547
459
920
365
244
737
622
382
763
173
336
609
879
252
624
426
18
405
165
857
866
146
437
573
434
373
915
562
12
321
80
947
903
115
443
188
891
40
330
30
572
571
414
853
407
525
862
625
259
937
872
612
134
760
182
93
583
157
841
643
835
653
833
297
129
662
388
518
984
705
32
825
697
801
147
144
285
371
953
345
794
156
490
675
482
424
394
674
72
52
236
452
494
410
454
455
231
701
703
49
444
726
537
716
544
383
137
327
133
988
770
138
765
270
376
368
130
977
800
956
832
912
422
318
881
307
808
99
304
858
932
31
475
993
714
26
813
991
481
686
150
153
982
735
740
751
243
846
840
458
461
401
817
665
670
522
386
155
620
617
960
873
856
929
101
67
413
415
513
44
885
438
200
256
447
402
10
524
195
105
15
581
51
553
118
27
744
372
721
392
795
796
108
114
894
242
543
183
615
619
409
861
408
169
471
8
91
469
470
204
521
262
94
995
511
263
289
797
88
20
847
339
837
341
661
249
344
814
162
